68
98
11
0
69
90
75
79
20
20
60
48
81
98
16
79
31
44
73
25
62
13
71
86
48
82
81
6
49
75
23
96
14
70
93
31
14
48
97
80
60
31
12
14
41
12
86
27
22
10
36
88
86
66
76
65
76
10
93
42
7
75
70
4
1
9
2
74
95
28
20
50
33
31
4
89
62
44
4
9
50
31
90
7
74
62
67
30
1
79
84
61
48
67
25
48
63
85
16
8
18
64
33
7
42
35
58
93
81
33
43
33
63
76
77
43
27
11
55
82
89
81
69
64
19
33
76
17
68
65
11
48
69
46
99
47
75
11
69
26
32
80
93
54
19
15
1
81
72
1
79
18
45
3
27
74
30
40
97
72
97
99
40
0
98
69
78
42
16
99
60
5
21
2
98
43
23
44
82
80
61
74
1
85
27
67
39
98
81
29
35
19
92
53
86
77
32
76
59
21
39
69
99
38
85
44
44
24
44
15
52
25
50
99
9
10
89
6
36
54
37
32
30
60
90
74
84
69
68
53
69
49
9
36
99
63
27
86
9
75
15
97
24
15
73
61
88
20
89
21
5
5
97
52
66
6
84
19
66
82
43
9
11
13
46
13
16
0
81
24
63
59
36
3
10
98
97
22
43
17
96
76
53
56
75
24
17
11
83
73
62
90
72
81
4
51
67
92
11
6
11
46
17
55
89
1
40
24
80
7
18
60
60
37
6
1
32
18
9
19
87
10
37
97
44
59
83
1
43
87
45
90
89
71
31
0
82
47
72
31
88
2
54
97
25
57
81
38
69
85
12
83
48
90
62
33
23
91
86
70
61
0
56
86
98
59
65
39
88
15
77
53
8
68
30
79
24
30
60
49
8
5
47
27
6
83
4
58
83
48
70
60
52
60
40
33
38
7
71
91
41
28
76
71
91
48
33
80
63
77
53
46
0
62
39
68
22
13
16
24
60
22
42
87
36
11
51
21
1
37
7
1
21
60
84
97
39
0
20
2
88
56
41
23
39
35
75
66
92
86
46
22
16
84
57
12
37
69
47
40
66
89
93
31
63
14
8
21
76
29
83
41
80
53
25
63
54
37
87
43
18
42
70
17
66
60
9
18
26
50
12
57
10
67
2
33
29
22
34
55
76
66
100
38
9
72
99
28
30
13
52
39
15
50
83
10
43
79
90
17
84
7
79
9
80
58
97
75
40
25
9
69
88
36
94
15
91
71
55
24
6
85
52
70
57
25
48
22
72
62
69
32
50
49
17
86
46
59
8
45
5
80
50
80
32
19
12
6
41
46
44
97
39
1
12
91
26
93
69
73
39
59
14
89
73
60
70
85
13
82
35
79
27
55
0
75
95
33
56
69
78
14
2
1
90
20
63
14
82
65
5
13
11
29
63
12
97
75
71
2
98
32
24
54
49
69
81
93
5
47
26
3
40
7
27
78
35
26
35
22
94
14
82
44
74
62
51
66
55
60
35
31
37
84
12
6
60
16
93
90
62
86
6
87
77
55
53
70
89
93
90
37
58
5
30
72
90
78
75
28
41
29
76
80
33
85
96
31
47
0
70
93
65
89
94
82
66
87
69
78
44
29
44
71
57
20
98
38
79
28
12
90
68
17
8
95
28
38
49
1
30
48
40
94
15
90
3
13
39
79
32
60
43
14
20
52
88
71
57
51
18
88
44
24
37
7
30
50
0
43
84
49
80
100
60
7
72
25
69
46
90
75
43
22
44
1
0
34
84
86
70
25
9
35
34
93
53
49
25
43
68
16
53
29
90
71
35
7
81
92
50
27
68
88
80
43
22
100
17
92
33
17
77
62
41
42
55
56
66
81
81
66
2
29
51
5
11
87
53
88
10
36
70
1
16
81
82
75
22
56
8
38
50
51
54
28
80
23
83
63
82
5
80
33
100
70
11
81
11
100
40
53
48
92
45
49
60
85
6
33
31
99
18
58
50
61
42
9
50
19
92
31
78
4
65
44
24
91
80
29
61
37
20
25
77
81
52
79
72
44
55
93
79
23
32
18
7
65
70
27
14
66
53
62
91
69
51
40
35
91
58
37
36
16
27
82
29
26
87
35
65
47
87
52
0
73
100
68
97
32
34
78
49
79
31
57
90
5
34
39
90
91
55
88
8
49
26
44
89
92
76
46
72
80
27
21
88
1
94
75
24
88
26
78
45
4
80
6
61
37
63
9
85
93
28
65
6
22
69
66
19
49
15
89
84
20
29
38
91
20
26
91
44
57
2
40
99
46
10
99
16
46
5
2
80
86
38
73
67
82
56
32
4
32
40
65
81
21
81
77
85
70
72
95
20
36
18
29
71
56
21
18
57
96
17
75
76
89
83
20
45
18
57
17
69
64
42
80
35
62
68
90
89
57
5
84
51
87
1
77
30
76
62
95
49
82
18
11
45
22
14
95
47
25
32
94
70
98
23
82
87
32
71
6
22
83
28
70
52
17
32
89
25
14
28
18
49
60
52
55
62
96
96
91
32
78
51
99
65
92
33
82
27
50
52
60
52
21
1
19
38
77
46
42
18
66
77
30
61
82
28
76
6
41
48
74
39
60
65
29
43
31
40
77
100
91
97
76
66
72
17
14
1
83
48
28
71
35
49
99
59
49
7
88
36
55
41
65
26
87
26
73
23
77
39
26
20
51
22
70
4
40
93
79
86
56
2
12
39
12
36
71
44
72
38
96
37
0
13
51
45
37
80
40
100
18
90
99
19
10
59
89
60
82
64
25
19
82
65
21
95
63
52
62
80
98
9
23
13
19
57
95
28
24
42
91
42
26
52
27
11
57
86
45
48
10
13
84
17
1
18
12
74
87
39
45
74
42
29
43
40
29
3
93
36
23
44
36
82
50
20
3
88
6
7
45
37
32
38
98
97
72
13
69
97
3
84
43
71
30
62
38
38
24
6
58
52
96
37
15
43
90
10
23
93
41
86
53
13
100
98
68
14
27
21
93
60
5
47
70
55
65
50
29
46
47
39
62
78
81
3
73
91
1
26
85
29
72
34
37
93
47
28
47
81
72
66
33
92
4
87
0
2
65
23
44
72
13
13
85
6
85
54
90
63
2
68
62
76
11
30
74
0
95
7
4
76
90
94
68
38
85
85
18
37
1
73
2
10
91
26
87
17
12
89
32
34
41
26
57
13
100
44
63
90
10
40
86
18
7
15
70
80
62
100
47
14
85
42
85
98
72
43
69
84
82
49
42
48
69
76
7
44
54
37
7
24
50
72
64
9
75
47
71
20
41
2
42
50
38
1
42
27
68
54
49
8
5
7
48
61
57
42
0
89
96
28
8
88
1
55
61
7
38
61
9
23
83
18
6
13
59
97
88
7
59
30
35
3
16
3
74
43
30
24
7
28
7
95
94
